0599100000308251
0599100000308206
0599100000308153
0599100000308204
0599100000308010
0599100000308330
0599100000308149
0599100000308150
0599100000308065
0599100000308253
0599100000308335
0599100000308333
0599100000308148
0599100000308198
0599100000308147
0599100000308312
0599100000314692
0599100000308154
0599100000308152
0599100000308009
0599100000308321
0599100000308407
0599100000308146
0599100000308145
0599100000308156
0599100000308072
0599100000308151
0599100000308155
0599100000308037
0599100000307999
0599100000314636
0599100000307944
0599100000308261
0599100000308328
0599100000308029
0599100000308260
0599100000308144
0599100000326143
0599100000307998
0599100000308007
0599100000326144
0599100000312403
0599100000308073
0599100000308267
0599100000308069
0599100000308404
0599100000308390
0599100000308130
0599100000308384
0599100000308403
0599100000308402
0599100000308301
0599100000308302
0599100000308305
0599100000308376
0599100000308298
0599100000308382
0599100000308400
0599100000668794
0599100000649684
