0599100000308332
0599100000308406
0599100000308064
0599100000307997
0599100000308194
0599100000307940
0599100000308262
0599100000307994
0599100000308401
0599100000308205
0599100000308008
0599100000308386
0599100000308405
0599100000307996
0599100000307995
0599100000308196
0599100000308252
0599100000323919
0599100000308323
0599100000308388
0599100000307942
0599100000312535
0599100000312538
0599100000308066
0599100000312539
0599100000308299
0599100000311830
0599100000308378
0599100000311828
0599100000308268
0599100000308303
0599100000308380
0599100000308334
0599100000308063
0599100000308131
0599100000308132
0599100000308133
0599100000325855
0599100000308300
0599100000314638
0599100000325856
0599100000314639
0599100000308304
0599100000668792
0599100000668790
0599100000668788
0599100000049782
0599100100008374
